function [cmap] = cmap_bwr

%How it was built: 
% => cmap constructed manually with colormap editor from, then type: mycmap = get(gcf,'Colormap') and finally copy-paste into thi function. 
% 
%How to use it:
% => colormap(cmap_bwr)

cmap = [

         0         0    0.5625
         0         0    0.5917
         0         0    0.6208
         0         0    0.6500
         0         0    0.6792
         0         0    0.7083
         0         0    0.7375
         0         0    0.7667
         0         0    0.7958
         0         0    0.8250
         0         0    0.8542
         0         0    0.8833
         0         0    0.9125
         0         0    0.9417
         0         0    0.9708
         0         0    1.0000
    0.0588    0.0588    1.0000
    0.1176    0.1176    1.0000
    0.1765    0.1765    1.0000
    0.2353    0.2353    1.0000
    0.2941    0.2941    1.0000
    0.3529    0.3529    1.0000
    0.4118    0.4118    1.0000
    0.4706    0.4706    1.0000
    0.5294    0.5294    1.0000
    0.5882    0.5882    1.0000
    0.6471    0.6471    1.0000
    0.7059    0.7059    1.0000
    0.7647    0.7647    1.0000
    0.8235    0.8235    1.0000
    0.8824    0.8824    1.0000
    0.9412    0.9412    1.0000
    1.0000    1.0000    1.0000
    1.0000    0.9375    0.9375
    1.0000    0.8750    0.8750
    1.0000    0.8125    0.8125
    1.0000    0.7500    0.7500
    1.0000    0.6875    0.6875
    1.0000    0.6250    0.6250
    1.0000    0.5625    0.5625
    1.0000    0.5000    0.5000
    1.0000    0.4375    0.4375
    1.0000    0.3750    0.3750
    1.0000    0.3125    0.3125
    1.0000    0.2500    0.2500
    1.0000    0.1875    0.1875
    1.0000    0.1250    0.1250
    1.0000    0.0625    0.0625
    1.0000         0         0
    0.9667         0         0
    0.9333         0         0
    0.9000         0         0
    0.8667         0         0
    0.8333         0         0
    0.8000         0         0
    0.7667         0         0
    0.7333         0         0
    0.7000         0         0
    0.6667         0         0
    0.6333         0         0
    0.6000         0         0
    0.5667         0         0
    0.5333         0         0
    0.5000         0         0];