function [cmap] = cmap_jet_centerW

%How it was built: 
% => cmap constructed manually with colormap editor from jet colormap, then type: mycmap = get(gcf,'Colormap') and finally copy-paste into thi function. 
% 
%How to use it:
% => colormap(cmap_jet_centerW)

cmap = [

         0         0    0.5625
         0         0    0.6250
         0         0    0.6875
         0         0    0.7500
         0         0    0.8125
         0         0    0.8750
         0         0    0.9375
         0         0    1.0000
         0    0.0625    1.0000
         0    0.1250    1.0000
         0    0.1875    1.0000
         0    0.2500    1.0000
         0    0.3125    1.0000
         0    0.3750    1.0000
         0    0.4375    1.0000
         0    0.5000    1.0000
         0    0.5625    1.0000
         0    0.6250    1.0000
         0    0.6875    1.0000
         0    0.7500    1.0000
         0    0.8125    1.0000
         0    0.8750    1.0000
         0    0.9375    1.0000
         0    1.0000    1.0000
    0.1111    1.0000    1.0000
    0.2222    1.0000    1.0000
    0.3333    1.0000    1.0000
    0.4444    1.0000    1.0000
    0.5556    1.0000    1.0000
    0.6667    1.0000    1.0000
    0.7778    1.0000    1.0000
    0.8889    1.0000    1.0000
    1.0000    1.0000    1.0000
    1.0000    1.0000    0.8571
    1.0000    1.0000    0.7143
    1.0000    1.0000    0.5714
    1.0000    1.0000    0.4286
    1.0000    1.0000    0.2857
    1.0000    1.0000    0.1429
    1.0000    1.0000         0
    1.0000    0.9375         0
    1.0000    0.8750         0
    1.0000    0.8125         0
    1.0000    0.7500         0
    1.0000    0.6875         0
    1.0000    0.6250         0
    1.0000    0.5625         0
    1.0000    0.5000         0
    1.0000    0.4375         0
    1.0000    0.3750         0
    1.0000    0.3125         0
    1.0000    0.2500         0
    1.0000    0.1875         0
    1.0000    0.1250         0
    1.0000    0.0625         0
    1.0000         0         0
    0.9375         0         0
    0.8750         0         0
    0.8125         0         0
    0.7500         0         0
    0.6875         0         0
    0.6250         0         0
    0.5625         0         0
    0.5000         0         0];